[2164] 13         23         23         23         Unemployed 29         56        
[2171] 11         15         25         15         StayAtHome 15         27        
[2178] 25         23         23         23         25         56         15        
[2185] 56         25         27         StayAtHome 56         25         56        
[2192] 56         56         25         56         56         56         13        
[2199] 56         27         56         25         29         25         17        
[2206] 25         56         19         27         47         27         33        
[2213] 27         25         StayAtHome 25         56         21         25        
[2220] 21         15         56         19         59         58         25        
[2227] 56         25         23         56         27         29         27        
[2234] 25         29         56         11         25         23         58        
[2241] 43         29         57         56         11         29         56        
[2248] 25         56         41         15         25         25         Unemployed
[2255] 11         25         Unemployed 56         27         25         StayAtHome
[2262] 56         25         25         11         27         27         23        
[2269] 43         23         23         29         43         27         56        
[2276] 25         21         56         59         Unemployed 41         25        
[2283] 25         56         25         23         15         27         27        
[2290] 13         23         13         56         57         25         56        
[2297] 13         13         23         43         56         StayAtHome 57        
[2304] 23         25         27         56         25         56         13        
[2311] 56         23         19         27         56         StayAtHome 56        
[2318] 41         25         23         56         25         27         41        
[2325] 59         29         56         17         47         27         56        
[2332] 23         56         25         58         13         StayAtHome 23        
[2339] 23         15         23         56         17         27         Unemployed
[2346] 27         StayAtHome 25         43         56         19         25        
[2353] 58         56         25         25         55         Unemployed 23        
[2360] 43         56         56         27         56         13         23        
[2367] 25         56         25         27         15         23         25        
[2374] 56         56         27         56         56         25         56        
[2381] 27         56         56         25         56         33         25        
[2388] 56         11         56         56         56         25         15        
[2395] 56         56         56         56         56         25         23        
[2402] 23         Unemployed 56         13         25         27         56        
[2409] 56         56         23         56         59         27         23        
[2416] 59         57         17         25         13         56         25        
[2423] 17         56         29         29         56         15         27        
[2430] 29         59         23         56         15         23         56        
[2437] 25         25         56         23         56         59         15        
[2444] 25         27         23         56         43         25         25        
[2451] 25         25         23         27         56         23         56        
[2458] 59         43         23         58         59         58         25        
[2465] 39         15         Unemployed 25         56         27         56        
[2472] 56         25         25         25         23         25         27        
[2479] 53         StayAtHome 25         59         25         23         56        
[2486] 59         56         41         55         56         29         43        
[2493] 59         Unemployed 25         23         56         56         Unemployed
[2500] 27         57         53         56         59         11         25        
[2507] 25         56         59         25         17         56         56        
[2514] StayAtHome 23         19         56         56         56         56        
[2521] 56         56         56         56         56         56         13        
[2528] 27         StayAtHome 56         59         StayAtHome 27         29        
[2535] 56         27         25         27         56         17         56        
[2542] 56         56         23         47         25         39         25        
[2549] 25         15         25         25         27         56         27        
[2556] 56         56         56         56         56         56         56        
[2563] 23         56         15         58         25         57         23        
[2570] 57         27         56         17         25         56         56        
[2577] 56         25         59         56         27         25         56        
[2584] 27         27         11         27         59         25         23        
[2591] 43         23         15         25         15         21         25        
[2598] 56         43         25         56         59         58         35        
[2605] 25         23         56         56         56         56         56        
[2612] 56         23         56         56         56         25         23        
[2619] 56         56         23         56         56         23         41        
[2626] 56         56         27         15         Unemployed 23         23        
[2633] 23         25         56         29         11         13         56        
[2640] 27         25         29         25         27         56         Unemployed
[2647] 23         25         25         Unemployed 43         StayAtHome 29        
[2654] 27         25         19         25         25         43         23        
[2661] 56         56         23         56         43         25         23        
[2668] 25         25         56         41         56         25         11        
[2675] 57         59         56         56         56         56         56        
[2682] 25         25         25         13         27         25         27        
[2689] 25         56         11         29         25         23         56        
[2696] 56         27         13         27         25         43         23        
[2703] 58         25         43         56         56         Unemployed 56        
[2710] 56         56         27         27         56         29         58        
[2717] 25         25         15         29         56         27         11        
[2724] 29         31         25         27         23         27         Unemployed
[2731] 15         58         23         23         56         25         25        
[2738] 23         11         27         17         17         StayAtHome 27        
[2745] 25         25         59         27         25         23         58        
[2752] 56         56         25         56         56         23         25        
[2759] 25         25         StayAtHome 25         25         56         56        
[2766] 56         13         27         56         56         23         25        
[2773] 23         Unemployed 13         25         25         56         25        
[2780] Unemployed 56         Unemployed 25         27         59         27        
[2787] 15         25         29         25         29         27         56        
[2794] 27         56         27         23         27         56         19        
[2801] 27         StayAtHome 43         25         23         56         56        
[2808] 56         59         56         56         56         56         56        
[2815] 56         23         56         27         23         27         Unemployed
[2822] 15         15         56         56         23         11         27        
[2829] 25         58         23         41         56         29         25        
[2836] 58         23         33         25         33         56         25        
[2843] 23         25         56         56         56         27         25        
[2850] 39         29         56         56         56         56         56        
[2857] 56         56         56         56         56         41         25        
[2864] 15         23         59         59         56         25         58        
[2871] 56         57         13         23         27         56         23        
[2878] 59         23         23         27         27         56         23        
[2885] 29         23         15         25         56         25         56        
[2892] 25         25         58         55         25         23         27        
[2899] 27         23         15         25         27         23         17        
[2906] 56         56         11         56         25         56         25        
[2913] 23         56         59         25         27         41         25        
[2920] 59         29         15         56         56         27         56        
[2927] 56         23         29         25         15         56         56        
[2934] 25         56         13         56         25         11         25        
[2941] 27         19         58         56         11         Unemployed 58        
[2948] 13         56         19         23         23         25         56        
[2955] 56         56         56         56         56         56         56        
[2962] 56         56         23         25         41         27         25        
[2969] 25         StayAtHome 55         25         27         27         27        
[2976] 25         56         43         27         23         35         56        
[2983] 56         56         56         29         23         59         StayAtHome
[2990] 27         27         25         25         59         29         27        
[2997] 41         StayAtHome 23         25         25         25         25        
[3004] 25         25         25         25         25         23         11        
[3011] 56         27         37         Unemployed 23         17         29        
[3018] 56         56         56         56         56         56         56        
[3025] 56         19         56         27         56         23         25        
[3032] 23         Unemployed 29         19         17         25         25        
[3039] StayAtHome 57         58         25         56         56         27        
[3046] 25         56         57         25         56         23         Unemployed
[3053] 25         27         25         23         27         27         19        
[3060] 29         56         56         23         23         25         56        
[3067] 56         56         56         56         56         56         56        
[3074] 56         27         56         56         25         56         56        
[3081] 23         13         23         StayAtHome 56         56         59        
[3088] 59         27         53         27         13         11         25        
[3095] 35         56         56         58         27         23         19        
[3102] 47         23         21         27         13         41         56        
[3109] 11         25         23         25         23         25         25        
[3116] 17         23         56         56         56         56         23        
[3123] 25         56         56         56         56         29         25        
[3130] 23         17         27         29         StayAtHome 19         23        
[3137] 25         59         29         29         23         25         27        
[3144] 25         StayAtHome 56         23         17         27         25        
[3151] 56         58         23         Unemployed 17         23         23        
[3158] 23         23         25         25         17         55         56        
[3165] 23         23         25         56         25         23         58        
[3172] 56         56         25         23         59         27         33        
[3179] 56         25         27         31         49         23         23        
[3186] 59         25         19         25         56         56         15        
[3193] 59         StayAtHome 15         23         56         23         13        
[3200] 13         23         27         59         56         56         21        
[3207] 29         23         56         25         27         29         25        
[3214] 56         58         25         58         53         15         25        
[3221] 59         56         56         56         56         56         56        
[3228] 56         56         56         56         25         23         17        
[3235] 25         15         56         58         56         19         15        
[3242] 41         23         56         43         13         56         57        
[3249] 25         56         StayAtHome 56         27         56         56        
[3256] 56         56         Unemployed 27         56         56         56        
[3263] 56         25         27         57         13         StayAtHome 56        
[3270] 56         56         58         11         29         58         15        
[3277] 23         57         23         27         25         29         56        
[3284] StayAtHome 23         59         56         56         27         39        
[3291] 56         56         56         56         56         56         56        
[3298] 56         56         56         27         StayAtHome 29         27        
[3305] 56         59         58         27         56         41         41        
[3312] 13         25         29         39         StayAtHome 27         25        
[3319] 23         59         StayAtHome 23         StayAtHome 56         27        
[3326] 17         56         56         56         56         56         56        
[3333] 56         56         56         56         56         41         25        
[3340] 56         21         27         15         35         56         11        
[3347] Unemployed 23         41         23         27         56         11        
[3354] 56         Unemployed 23         56         27         25         23        
[3361] 23         23         33         56         56         27         23        
[3368] 56         56         15         27         19         13         23        
[3375] 59         27         29         25         25         27         41        
[3382] 15         58         25         27         25         29         59        
[3389] 41         25         23         27         25         25         56        
[3396] 25         StayAtHome 25         56         56         56         56        
[3403] 56         23         27         23         29         43         17        
[3410] 25         19         25         25         29         27         56        
[3417] 33         23         59         StayAtHome 56         56         56        
[3424] 56         17         56         23         27         23         59        
[3431] 59         21         57         25         23         41         25        
[3438] 56         27         13         25         15         27         StayAtHome
[3445] 27         25         57         27         56         17         27        
[3452] 13         13         57         27         13         25         25        
[3459] 11         27         25         25         25         27         25        
[3466] 11         19         25         25         25         25         56        
[3473] 23         53         56         59         56         27         25        
[3480] 59         23         56         25         27         27         25        
[3487] 57         27         56         27         41         59         25        
[3494] 15         56         25         58         11         15         58        
[3501] 56         25         15         25         27         23         23        
[3508] 56         25         Unemployed 23         27         11         11        
[3515] 56         25         56         56         56         56         29        
[3522] 25         Unemployed 25         27         56         15         17        
[3529] 56         25         11         13         43         56         56        
[3536] 25         17         25         43         27         27         19        
[3543] 29         23         23         51         25         15         59        
[3550] 25         11         25         56         19         57         27        
[3557] 56         56         19         58         59         59         Unemployed
[3564] 23         25         StayAtHome 56         27         15         25        
[3571] 25         35         25         59         59         19         Unemployed
[3578] 57         19         StayAtHome 17         25         25         56        
[3585] 25         StayAtHome 56         27         56         15         56        
[3592] 27         59         59         25         25         27         25        
[3599] 13         56         23         27         23         25         11        
[3606] 27         25         56         25         56         29         56        
[3613] 56         56         27         15         Unemployed 27         29        
[3620] StayAtHome 29         15         25         23         56         27        
[3627] 11         25         29         27         25         23         25        
[3634] 23         59         56         59         25         11         23        
[3641] 56         27         56         27         13         56         23        
[3648] 27         56         41         43         25         15         23        
[3655] 27         57         11         56         11         27         25        
[3662] 25         59         15         25         56         25         27        
[3669] 25         25         56         56         23         27         23        
[3676] 56         56         25         StayAtHome 25         15         41        
[3683] 23         56         25         56         56         25         56        
[3690] 27         25         25         59         55         StayAtHome 56        
[3697] 13         56         56         56         56         27         56        
[3704] 56         19         23         23         25         56         27        
[3711] 15         27         Unemployed 29         25         23         15        
[3718] 23         56         StayAtHome 27         59         56         56        
[3725] 23         21         56         21         25         56         25        
[3732] 56         23         25         15         57         25         25        
[3739] 23         13         11         56         56         25         56        
[3746] 56         56         56         StayAtHome 27         25         41        
[3753] 29         56         43         21         25         Unemployed 39        
[3760] 25         StayAtHome 25         Unemployed 17         25         25        
[3767] 41         19         35         56         Unemployed 23         56        
[3774] 56         17         56         39         13         23         23        
[3781] 23         25         56         23         56         15         56        
[3788] 27         29         25         58         17         StayAtHome 23        
[3795] 23         27         57         23         23         56         56        
[3802] 27         29         25         29         27         13         15        
[3809] 56         15         StayAtHome 56         56         56         27        
[3816] 56         23         25         56         23         56         56        
[3823] 56         56         56         56         23         23         57        
[3830] 33         25         Unemployed 27         56         56         56        
[3837] 56         56         Unemployed 58         25         25         56        
[3844] 29         19         23         13         29         56         27        
[3851] 56         23         56         56         11         15         27        
[3858] 27         23         41         56         56         56         59        
[3865] 25         56         57         StayAtHome 56         56         56        
[3872] 27         15         27         27         25         56         23        
[3879] 56         25         56         25         Unemployed 29         25        
[3886] 23         25         58         Unemployed 19         25         25        
[3893] 56         25         23         15         13         25         59        
[3900] 59         25         11         41         25         29         23        
[3907] 11         25         25         25         25         58         17        
[3914] 13         27         25         56         25         56         13        
[3921] 15         25         56         25         19         27         25        
[3928] 27         56         56         56         56         56         56        
[3935] 56         56         27         25         56         27         25        
[3942] 19         29         Unemployed 15         56         58         25        
[3949] 27         23         43         25         29         23         27        
[3956] 43         27         25         56         27         25         56        
[3963] 56         27         27         56         56         56         25        
[3970] 29         25         25         21         27         25         29        
[3977] 25         56         59         57         56         23         StayAtHome
[3984] 25         27         56         27         27         59         23        
[3991] 11         56         25         56         56         21         25        
[3998] 25         25         25         25         25         11         56        
[4005] 56         29         15         56         56         56         58        
[4012] 58         15         56         56         27         25         StayAtHome
[4019] 56         56         25         56         29         25         11        
[4026] 58         25         27         56         56         27         56        
[4033] 15         59         56         11         25         27         17        
[4040] 58         23         23         StayAtHome 17         23         56        
[4047] 25         23         17         43         25         23         25        
[4054] 25         59         25         25         27         29         27        
[4061] 29         23         25         56         23         43         25        
[4068] 13         58         13         25         15         19         27        
[4075] 58         56         25         53         25         25         25        
[4082] 59         56         13         35         27         25         59        
[4089] 33         29         29         56         56         23         23        
[4096] 11         56         15         25         23         25         23        
[4103] 25         56         41         56         19         56         41        
[4110] 56         27         19         27         Unemployed 13         56        
[4117] 41         56         53         11         19         15         27        
[4124] 17         25         27         57         23         25         56        
[4131] 56         56         Unemployed 11         25         56         59        
[4138] 23         25         56         56         29         29         56        
[4145] 19         59         56         56         27         17         25        
[4152] 29         15         25         27         15         29         41        
[4159] 56         56         56         56         23         27         27        
[4166] 27         56         13         11         15         27         11        
[4173] 56         56         56         23         Unemployed 58         56        
[4180] 19         56         41         13         57         13         27        
[4187] 25         23         27         56         21         25         StayAtHome
[4194] 56         27         15         13         58         25         25        
[4201] 27         Unemployed 23         25         56         56         19        
[4208] 11         56         25         56         56         57         56        
[4215] 56         56         56         27         StayAtHome 13         57        
[4222] 56         25         59         25         Unemployed 25         56        
[4229] 56         56         56         27         StayAtHome 27         17        
[4236] 25         23         25         27         23         27         25        
[4243] 39         56         56         56         33         56         56        
[4250] 56         27         23         58         Unemployed 15         27        
[4257] 57         58         56         27         13         25         13        
[4264] 41         27         56         56         56         56         56        
[4271] 56         56         56         56         56         56         25        
[4278] 56         23         41         25         25         11         56        
[4285] 23         56         33         11         25         23         56        
[4292] 56         56         17         25         25         25         15        
[4299] 41         StayAtHome 56         56         56         56         56        
[4306] 56         27         58         23         11         23         25        
[4313] 27         27         57         27         39         Unemployed 27        
[4320] 56         56         56         56         56         56         56        
[4327] 56         56         56         56         35         25         27        
[4334] 25         59         19         25         59         25         15        
[4341] 57         25         25         25         25         23         56        
[4348] 59         25         23         23         23         25         56        
[4355] 57         25         25         56         StayAtHome 29         11        
[4362] 58         11         23         25         11         25         41        
[4369] 19         25         23         25         27         23         25        
[4376] 23         56         25         56         23         25         59        
[4383] 25         56         56         27         56         56         56        
[4390] 56         56         56         56         56         56         56        
[4397] 29         27         27         23         23         56         59        
[4404] 56         25         41         13         25         29         15        
[4411] 25         56         25         Unemployed 23         56         56        
[4418] 59         23         56         59         19         25         29        
[4425] 43         59         58         15         56         19         27        
[4432] 56         25         29         25         Unemployed Unemployed 59        
[4439] 56         23         56         56         56         56         56        
[4446] 59         56         23         27         27         27         25        
[4453] 41         27         56         59         25         25         58        
[4460] 27         59         56         23         15         25         59        
[4467] 13         25         25         27         56         25         17        
[4474] 11         25         25         27         35         56         41        
[4481] 29         15         13         27         43         56         25        
[4488] 15         56         23         43         19         25         25        
[4495] 21         29         29         StayAtHome StayAtHome 25         17        
[4502] 58         15         25         56         27         15         StayAtHome
[4509] 56         Unemployed 25         25         58         27         56        
[4516] 27         27         23         27         43         23         27        
[4523] 56         59         59         25         56         Unemployed 41        
[4530] Unemployed 25         56         56         56         56         43        
[4537] 25         19         25         13         56         23         56        
[4544] 17         57         35         56         56         56         27        
[4551] 25         25         25         23         Unemployed 11         23        
[4558] 56         56         56         23         StayAtHome 27         25        
[4565] 56         56         35         23         25         27         23        
[4572] 56         27         56         25         27         23         11        
[4579] 17         56         56         25         25         25         13        
[4586] 56         57         13         25         56         23         11        
[4593] 56         13         23         56         27         56         56        
[4600] 27         27         56         56         19         27         27        
[4607] 23         29         29         59         21         25         57        
[4614] 43         27         59         23         15         25         15        
[4621] 56         56         23         56         56         56         56        
[4628] 27         56         27         57         23         15         56        
[4635] 56         56         56         23         11         23         56        
[4642] 23         25         56         58         25         27         27        
[4649] 59         StayAtHome 23         55         StayAtHome 23         27        
[4656] 11         23         StayAtHome 25         27         19         25        
[4663] 25         23         56         25         23         25         25        
[4670] 56         25         25         43         33         59         56        
[4677] 25         25         23         56         25         25         27        
[4684] 56         27         29         56         56         25         56        
[4691] 56         25         23         Unemployed 56         56         Unemployed
[4698] 25         23         27         23         56         23         27        
[4705] 56         19         25         17         58         23         59        
[4712] 56         27         56         25         56         27         56        
[4719] 25         56         56         25         59         57         56        
[4726] 25         25         25         29         23         25         23        
[4733] 56         13         23         25         56         27         43        
[4740] 41         57         11         27         43         23         27        
[4747] 13         56         11         56         StayAtHome 56         15        
[4754] 56         27         15         25         27         25         56        
[4761] 56         27         56         25         56         56         25        
[4768] 25         56         56         25         56         25         27        
[4775] 25         43         25         56         23         25         25        
[4782] 15         21         56         56         13         56         56        
[4789] 27         56         25         35         56         19         56        
[4796] 56         25         25         57         56         27         43        
[4803] 56         56         56         56         23         27         56        
[4810] 25         56         56         23         25         25         23        
[4817] 23         23         43         27         15         StayAtHome 25        
[4824] 25         27         25         25         56         23         Unemployed
[4831] 25         25         23         13         59         56         27        
[4838] 57         25         21         27         56         23         59        
[4845] 56         11         56         56         58         56         11        
[4852] 27         Unemployed 27         23         25         27         27        
[4859] 56         23         25         15         15         57         25        
[4866] 27         27         25         56         27         StayAtHome 58        
[4873] 25         23         23         56         23         59         59        
[4880] 27         29         23         59         56         25         56        
[4887] 27         58         StayAtHome 19         57         59         23        
[4894] 56         56         56         56         59         25         23        
[4901] 23         11         55         27         23         56         15        
[4908] 29         StayAtHome 56         56         21         41         25        
[4915] 23         13         58         56         19         13         25        
[4922] 27         23         23         25         25         59         23        
[4929] 23         23         27         17         25         27         27        
[4936] 25         27         13         59         55         27         59        
[4943] 27         25         23         56         56         23         23        
[4950] 56         27         23         23         13         56         59        
[4957] 13         23         29         56         59         41         23        
[4964] 23         27         25         56         56         56         56        
[4971] 23         Unemployed 56         Unemployed 27         25         56        
[4978] 33         25         43         15         43         27         25        
[4985] 56         15         58         25         19         15         59        
[4992] 23         25         59         29         25         56         56        
[4999] StayAtHome 56         56         23         41         25         StayAtHome
[5006] 56         25         25         27         41         56         25        
[5013] 15         23         58         StayAtHome 25         25         25        
[5020] 25         59         23         17         57         25         25        
[5027] 19         29         23         35         56         27         23        
[5034] 56         43         58         11         23         23         27        
[5041] 56         25         27         29         21         13         19        
[5048] 56         23         23         27        
29 Levels: 11 13 15 17 19 21 23 25 27 29 31 33 35 37 39 41 43 47 49 51 53 55 56 57 ... Unemployed
> cleanplayers$main [cleanplayers$main == 'Unemployed'] <- NA
> cleanplayers$main [cleanplayers$main == 'StayAtHome'] <- 60
Warning message:
In `[<-.factor`(`*tmp*`, cleanplayers$main == "StayAtHome", value = c(7L,  :
  invalid factor level, NA generated
> cleanplayers$main [cleanplayers$main == 'StayAtHome'] <- '60'
Warning message:
In `[<-.factor`(`*tmp*`, cleanplayers$main == "StayAtHome", value = c(7L,  :
  invalid factor level, NA generated
> cleanplayers$main [cleanplayers$main == 'StayAtHome'] <- NA
> summary(cleanplayers$main)
        11         13         15         17         19         21         23         25 
       135        133        175         82         93         31        572        884 
        27         29         31         33         35         37         39         41 
       572        151          5         25         29          2         18         80 
        43         47         49         51         53         55         56         57 
        84          6          1          2         10         16       1382         63 
        58         59       9999 StayAtHome Unemployed       NA's 
       107        184          0          0          0        209 
> cleanplayers <- na.omit(cleanplayers)
> summary(cleanplayers$main)
        11         13         15         17         19         21         23         25 
       135        133        175         82         93         31        572        884 
        27         29         31         33         35         37         39         41 
       572        151          5         25         29          2         18         80 
        43         47         49         51         53         55         56         57 
        84          6          1          2         10         16       1382         63 
        58         59       9999 StayAtHome Unemployed 
       107        184          0          0          0 
> barplot(cleanplayers$winnings, cleanplayers$main)
Error in plot.window(xlim, ylim, log = log, ...) : 
  NAs not allowed in 'xlim'
In addition: Warning messages:
1: In mean.default(width) :
  argument is not numeric or logical: returning NA
2: In Ops.factor(width, 2) : / not meaningful for factors
3: In Ops.factor(space, width) : + not meaningful for factors
4: In Ops.factor(width, 2) : / not meaningful for factors
5: In Ops.factor(space, width) : + not meaningful for factors
> View(cleanplayers)
> View(cleanplayers)
> cleanplayers$winnings <- as.numeric(cleanplayers$winnings)
> plot(winnings)
> cwinnings <- cleanplayers$winnings
> cmain <- cleanplayers$main
> barplot(cmain, winnings)
Error in barplot.default(cmain, winnings) : 
  'height' must be a vector or a matrix
> barplot(cwinnings, cmain)
Error in plot.window(xlim, ylim, log = log, ...) : 
  NAs not allowed in 'xlim'
In addition: Warning messages:
1: In mean.default(width) :
  argument is not numeric or logical: returning NA
2: In Ops.factor(width, 2) : / not meaningful for factors
3: In Ops.factor(space, width) : + not meaningful for factors
4: In Ops.factor(width, 2) : / not meaningful for factors
5: In Ops.factor(space, width) : + not meaningful for factors
> plot(cmain)
> barplot(cmain)
Error in barplot.default(cmain) : 'height' must be a vector or a matrix
> plot(cwinnings)
> barplot(cmain)
Error in barplot.default(cmain) : 'height' must be a vector or a matrix
> barplot(cwinnings)
> plot(cmai)
Error in plot(cmai) : object 'cmai' not found
> plot(cmain)
> help(plot)
> plot(cmain, cwinnings)
> help(plot)
> barplot(cwinnings)
> barplot(cmain)
Error in barplot.default(cmain) : 'height' must be a vector or a matrix
> table(cwin)
Error in table(cwin) : object 'cwin' not found
> table(cmain)
cmain
        11         13         15         17         19         21         23         25 
       135        133        175         82         93         31        572        884 
        27         29         31         33         35         37         39         41 
       572        151          5         25         29          2         18         80 
        43         47         49         51         53         55         56         57 
        84          6          1          2         10         16       1382         63 
        58         59       9999 StayAtHome Unemployed 
       107        184          0          0          0 
> barplot(table(cmain))
> # that worked!
> cmaintable <- table(cmain)
> barplot(cmaintable)
> barplot(cmaintable, main = "Frequency of main SOC groups", xlab = "Main code", ylab="Frequency")
> 2013players = cleanplayers[cleanplayers$year == '2013']
Error: unexpected symbol in "2013players"
> players2013 = cleanplayers[cleanplayers$year == '2013']
Error in `[.data.frame`(cleanplayers, cleanplayers$year == "2013") : 
  undefined columns selected
> players2013 = subset(cleanplayers, year == '2013')
> players2013
      ids                    name year numgames winnings          state main
85   8548           Stacie Larson 2013        1     9250        florida   25
116  8291          Ryan Truchelut 2013        1    20001        florida   56
252  8710         Fidelito Cortes 2013        3    60000       new york   27
253  8711        Elisabeth Houlik 2013        1     1500   pennsylvania   13
254  8712             Rich Hansen 2013        1     9155       illinois   23
255  8713            A. C. Hawley 2013        1      500           iowa   56
256  8714            Cori Wilhelm 2013        2    36002       new york   25
259  8717             Erin Hoesly 2013        1      600       virginia   25
260  8718            Mary Murrell 2013        2    14200      wisconsin   19
261  8719           Kathy Johnson 2013        1     9200      minnesota   11
417  8134          Alison Shapiro 2013        1    12999     california   27
503  8738             Bill Tolany 2013        4    62800          texas   11
504  8739           Sharon Warner 2013        1     2000       illinois   58
505  8736         Samantha Nataro 2013        1     1999       maryland   56
507  8734           Korin Kormick 2013        1    17000     new jersey   27
508  8735              John Emery 2013        1    24800        florida   56
510  8733                 Mat Ahn 2013        1    -1600           ohio   23
512  8731        Kate Kwiatkowski 2013        1    -2200       illinois   29
740  8547             Beth Morgan 2013        1    18799     california   13
845  8310           Salvo Candela 2013        4   104400       new york   11
846  8311           Katie Newcomb 2013        1    13000     washington   23
967  8268        Jonathan Shulman 2013        1        2     california   25
1120 8337            Gary Roberts 2013        2    51202       virginia   59
1125 8339         Michelle Martin 2013        2    49600       illinois   27
1286 8698             Parth Sheth 2013        1     7199        georgia   11
1297 8694             Todd Martin 2013        1     6900     california   11
1300 8691              Tova Meyer 2013        1     5500     new jersey   56
1301 8690   Angela Murock Hussein 2013        1    24400   pennsylvania   19
1304 8692         Melissa Jurgens 2013        1        1       virginia   23
1408 8130          Julie Reynolds 2013        2    20010           ohio   31
1409 8131            Joey Gutmann 2013        1     7999       new york   23
1435 8351            Bill Hawkins 2013        2    34800       new york   39
1436 8352          Laurel Schultz 2013        1      800 north carolina   19
1691 8370              Kinu Panda 2013        1     2006          texas   25
1845 8585             Alan Baltis 2013        2     4398           ohio   59
1846 8584               Cal Mason 2013        1     2000  massachusetts   23
1944 8178         Emily Greenberg 2013        2    36400    connecticut   56
1945 8179           Barrett Block 2013        4    96004       kentucky   56
1959 8398            Paige Radtke 2013        1     1599       colorado   56
1960 8399            Jack Houston 2013        1     8400     california   56
1963 8396           Trevor Walker 2013        4    48004        florida   56
1964 8397             Taylor Roth 2013        1        1          texas   56
1965 8390               Jim Coury 2013        4    80004           ohio   56
2010 8164       Kristin Durianski 2013        1     1100        indiana   23
2266 8154             John Morgan 2013        1    13800 north carolina   25
2268 8152            Eric Reiberg 2013        1    12799        indiana   27
2269 8153          Patrick Mooney 2013        1     3600       missouri   25
2270 8150               Diva Bole 2013        1     3600       maryland   23
2446 8454               Jason Rau 2013        1     7600     california   17
2448 8452               Judy Wang 2013        1        1       colorado   25
2532 8608              Jared Hall 2013        7   218400          texas   56
2735 8299               Alex Stoy 2013        1     8500     california   56
2736 8298            Joan Kossack 2013        1    16800       illinois   25
2737 8792           Tracy Carlson 2013        1     5199  massachusetts   59
2742 8795          Scott Claremon 2013        2    15798     california   23
2758 8474             Ravi Saxena 2013        1     5900       illinois   15
2762 8470           Eugene Chuang 2013        1     3000  massachusetts   17
3044 8277           Rachel Liptak 2013        3    57603     california   25
3047 8274          Steve Rininger 2013        2    44400       illinois   23
3059 8418            Scott Singer 2013        2    80802        florida   23
3063 8411             Paul Curcio 2013        2    38206   pennsylvania   15
3065 8417               Nate Mull 2013        1     6600     new jersey   56
3066 8416         Rachel Eastwood 2013        2    40000       colorado   56
3351 8789         Shanna Lafferty 2013        1    14400   pennsylvania   23
3352 8788         John Kyle Grady 2013        2    57602  massachusetts   25
3354 8783          Cathy Bloedorn 2013        1    12794       maryland   25
3355 8782   Timothy Shuker-Haines 2013        2    40800  massachusetts   25
3359 8785          Johnna Mahoney 2013        1     1600   pennsylvania   11
3374 8431             Sam Hopkins 2013        3    57603         kansas   56
3375 8430           Chris O. Cook 2013        1        0       new york   25
3378 8435             Kirk Nelson 2013        2    36400     washington   17
3379 8434                Les Chun 2013        1     2799     california   11
3382 8439             David Moore 2013        1     3199      tennessee   11
3383 8438           Patti Duplaga 2013        1    14200           ohio   25
3608 8257              Anne Olson 2013        1    11800     california   13
3611 8252         Jillian Mueller 2013        1     6200     washington   23
3692 8741              Arne Lunde 2013        1        0     california   25
3931 8816           Varun Shekhar 2013        3    21597       michigan   56
3934 8812            Evan Struble 2013        1        1           ohio   25
3935 8811           Rachel Hirsch 2013        1      200  massachusetts   25
3936 8810              Woody Bell 2013        2    16798       maryland   55
3938 8818           Debbie Singer 2013        1     2399       illinois   23
3939 8219          Melissa Leanza 2013        1      600     california   43
3940 8170           Lila Anderson 2013        1     4800      minnesota   56
3942 8171             Katie Stone 2013        1    13800          texas   56
3945 8213            Sara Garnett 2013        4   102404       michigan   56
3946 8212            Hans Reodica 2013        1    10599        florida   13
3947 8743              Emily Wood 2013        1      100  massachusetts   23
3948 8742             Marc Muneal 2013        1     1600        georgia   25
3961 8175          William Crouch 2013        2    21600        georgia   56
3963 8176              Arjun Byju 2013        1     4800        florida   56
3964 8177             Joe Vertnik 2013        2    40000      minnesota   56
4094 8552            Jeremy Husen 2013        1        0       nebraska   43
4095 8553               Liz Kelly 2013        1       99       illinois   23
4101 8555    Dawn Owens-Nicholson 2013        1    21000       illinois   59
4236 8834           Alexis Browsh 2013        1      400   pennsylvania   25
4238 8836           Reggie Austin 2013        1        5     california   27
4241 8833       Genevieve LeClerc 2013        1     -200     washington   56
4242 8832            Jerry Slowik 2013        6   139194       illinois   27
4272 8764           Kellie Herson 2013        1    13200      wisconsin   56
4276 8760             Ramsin Toma 2013        1    12011       virginia   59
4277 8763              Evan Voorn 2013        1    14400          texas   56
4512 8224            Erin Schmidt 2013        1     3800        indiana   27
4525 8229            Ilene Morgan 2013        1    14800       missouri   25
4567 8702            Neal Pollack 2013        4   104000          texas   27
4571 8706           Fran Altomare 2013        1      600   pennsylvania   25
4573 8704           Kamal Foreman 2013        1    10399        georgia   23
4574 8709       Meredith Robinson 2013        1     7800    connecticut   58
4627 8696             Kellie Chan 2013        1     4400        florida   56
4656 8517           Nishant Menon 2013        1      401       maryland   19
4773 8161              Zora Shinn 2013        1    11900     california   58
4776 8166          Robert Chodola 2013        1      500     california   56
4801 8720         Kristan McMahon 2013        1     5599       virginia   23
4804 8725           Amanda Graves 2013        1     2799  massachusetts   27
4805 8724       William Bernhardt 2013        2    41602       oklahoma   27
4807 8726          Theresa Warner 2013        1     6799       missouri   56
4841 8181          Leonard Cooper 2013        4    81600       arkansas   56
4842 8180       Jordan Villanueva 2013        1     4799       illinois   56
4844 8182               Tori Amos 2013        2    39200           ohio   56
5060 8128         Andrew Schwerin 2013        1    18600     new jersey   23
5191 8308             Eric Nelson 2013        1     9500      minnesota   25
5228 8747             James Cross 2013        1     1399        alabama   56
5331 8315           Anne Hardiman 2013        1     9400          texas   23
5335 8317           Adam Holquist 2013        4   108400   pennsylvania   17
5465 8328         Matt Eichenbaum 2013        2    50994   pennsylvania   29
5676 8159          Susie Swithers 2013        1     2721        indiana   25
5679 8620          Aarin Martinez 2013        1     1600     california   56
5690 8766           Adam Johnston 2013        1     1600       maryland   57
5692 8761             Carole Furr 2013        1     3999        vermont   13
5738 8349          Richard Hansen 2013        1    12901         nevada   56
5741 8342         Judy Arginteanu 2013        3    63000      minnesota   27
5743 8340             Shawn Selby 2013        1    18901           ohio   25
5745 8346          Phil Goldstein 2013        1      100        georgia   59
5788 8769            Rico Vazquez 2013        1    11400       illinois   25
5790 8768          Amanda DeMeola 2013        1        0       new york   23
5926 8591           Sarah Orzalli 2013        1      100       illinois   57
6058 8363              John Leavy 2013        1    23000          texas   15
6059 8362            Jody Carlson 2013        1    24600       virginia   23
6062 8367          Kathy DeLozier 2013        1     1599       kentucky   11
6094 8156          Michelle Souza 2013        2    27998     california   27
6266 8301        Lisa Sotir Ozkan 2013        1      599       virginia   23
6270 8758          Norah McKissic 2013        2    22800         alaska   56
6276 8754         Jennifer Spirko 2013        2    40002      tennessee   25
6289 8751          Marge Lindblom 2013        1     7000       new york   23
6291 8753               Neal Shah 2013        1    20000        georgia   23
6304 8230            Drew Horwood 2013        9   152982      minnesota   13
6327 8169            Kelton Ellis 2013        2    48400        georgia   56
6333 8389          Daniel Donohue 2013        2    28000       illinois   56
6334 8388          Kristen Jolley 2013        4    76000        georgia   56
6335 8387        Hannah Shoenhard 2013        2    52800       oklahoma   56
6336 8386              Jed Silver 2013        2    18398       new york   56
6337 8385         Julia Sprangers 2013        2    32800      wisconsin   56
6338 8384             Mark Reeves 2013        1    25600       kentucky   56
6339 8383          Jerald Lentini 2013        1    22600       maryland   23
6341 8381             Arnold Dean 2013        1        0       virginia   23
6342 8380           Deborah Smith 2013        1    -2200     washington   57
6364 8172             Nilai Sarda 2013        4    72000        georgia   56
6377 8173         Brittany Poppen 2013        1     1400        arizona   56
6379 8174           Olivia Hummer 2013        1     7800     california   56
6529 8444             Greg Draves 2013        2    45600       new york   56
6530 8445    Susan Torsell-Damico 2013        1     2100       new york   58
6531 8446            Tim Anderson 2013        4    72000       illinois   25
6533 8440           Rachel Gordon 2013        2    14800     washington   23
6610 8637             Xan Vessels 2013        1    11000       virginia   56
6613 8142             Frances Way 2013        1     2000       colorado   25
6614 8633         Skyler Hornback 2013        1    66600       kentucky   56
6615 8632           Thomas Hurley 2013        1     6600    connecticut   56
6638 8149              Joan Blinn 2013        2    34000       illinois   58
6642 8639          Patrick Aimone 2013        1    18000     california   56
6643 8638            Holly Boivin 2013        1    20700  new hampshire   56
6645 8140            Brett Swartz 2013        1     4800        georgia   27
6821 8286         Tyson Schindler 2013        1     1599          texas   53
6822 8287                Tom Lynn 2013        1    20400       maryland   11
6827 8281           Pat Clevenger 2013        2    32200   pennsylvania   17
6852 8463            John Kimball 2013        1    12600       missouri   59
6853 8460            Megan Hickey 2013        1     7201     washington   23
6854 8461              Matt Noble 2013        2    24780        alabama   25
6978 8614             Zo Assasie 2013        1     6200       maryland   56
6981 8613      Jonathan Shoemaker 2013        1     9100          texas   56
6982 8612            Erin Wenokur 2013        1        0     california   56
6983 8619         Sallie Rawlston 2013        1     2800      tennessee   56
6984 8618            John Wilkins 2013        1    11600       maryland   56
7122 8400           Bill Driscoll 2013        1        1 north carolina   56
7123 8401           Cindy Cammarn 2013        2    25400 north carolina   56
7124 8402            Nishanth Uli 2013        2    45602           ohio   56
7125 8403             Laura Rigge 2013        1     5900   pennsylvania   56
7126 8404       Forrest Farjadian 2013        1     6795       oklahoma   56
7151 8334              Lisa Byatt 2013        2    53600  new hampshire   27
7155 8748            Melanie Hess 2013        1     5300   pennsylvania   27
7169 8744              Nina Emkin 2013        1     2600     california   25
7226 8132           Emily Gilmore 2013        1        0       virginia   25
7422 8799           Kaya Blauvelt 2013        1     9999         oregon   25
7423 8248               Tish Koch 2013        1        0     california   59
7426 8243        Lindsey Chismark 2013        1     1000       michigan   13
7428 8241      Yellowlees Douglas 2013        1     3200        florida   25
7442 8427            Jason Parker 2013        1     2393          texas   17
7444 8425       Catherine Radford 2013        1    20600  massachusetts   11
7451 8429           Tobias Harris 2013        1    29599       illinois   56
7540 8606            Leigh Hoopes 2013        1    18400       kentucky   27
7543 8607          Bruce Richards 2013        1     9599      louisiana   59
7625 8653              Kim Carver 2013        1    15000     california   23
7627 8655        Blythe McWhirter 2013        1     8800        georgia   56
7629 8656        Clement Doucette 2013        1        0  massachusetts   56
8060 8806         Meredith Larson 2013        3    59700     washington   23
8062 8800            Tahne Aarnes 2013        1     9200      minnesota   59
8063 8801          Cecilia Cuevas 2013        1     2000         kansas   56
8064 8802           Franke Santos 2013        1     2000     california   11
8065 8803      Craig Cornish, Jr. 2013        3    57000       maryland   56
8066 8808            Sam Bernhard 2013        1    10800       virginia   56
8067 8809 Donna Fairweather-Foley 2013        1    22200       new york   58
8130 8323              Brad Tytel 2013        1     1900       new york   59
8252 8569           Jeffrey Wachs 2013        1    31600     california   23
8366 8559              Ken Dasher 2013        1      600 north carolina   25
8367 8823              Greg Munda 2013        1      399     california   15
8368 8820           Jenna Johnson 2013        1     9199      minnesota   23
8369 8821             Mary Gildea 2013        1        0   pennsylvania   58
8378 8770          Katie Moriarty 2013        2    32800           ohio   25
8379 8771             Anne Baxter 2013        2    49602       michigan   25
8447 8480        Caitlin Peruccio 2013        1     8801    connecticut   23
8450 8483         Ben Christenson 2013        1    10600       illinois   23
                soc
85          25-4021
116  56-MiscStudent
252       27-Writer
253         13-2011
254         23-1011
255  56-MiscStudent
256         25-4021
259         25-2011
260         19-3091
261         11-9051
417         27-3031
503         11-2021
504      58-Retired
505  56-MiscStudent
507         27-2042
508  56-MiscStudent
510   23-LawStudent
512         29-1066
740         13-1161
845         11-9033
846         23-2011
967         25-2031
1120  59-Consultant
1125      27-3022CU
1286  11-MedicalStu
1297        11-3011
1300 56-MiscStudent
1301        19-3091
1304        23-1011
1408        31-9094
1409  23-LawStudent
1435        39-6012
1436        19-2099
1691 25-MiscTeacher
1845  59-Consultant
1846        23-1011
1944 56-MiscStudent
1945 56-MiscStudent
1959 56-MiscStudent
1960 56-MiscStudent
1963 56-MiscStudent
1964 56-MiscStudent
1965 56-MiscStudent
2010        23-1011
2266 25-MiscTeacher
2268      27-2099CU
2269        25-2031
2270  23-LawStudent
2446        17-2071
2448        25-Prof
2532 56-MiscStudent
2735 56-MiscStudent
2736        25-2011
2737  59-Consultant
2742        23-1011
2758        15-1131
2762        17-2051
3044        25-3099
3047        23-1011
3059        23-1011
3063        15-1134
3065 56-MiscStudent
3066 56-MiscStudent
3351  23-LawStudent
3352        25-3099
3354 25-MiscTeacher
3355 25-MiscTeacher
3359  11-MedicalStu
3374 56-MiscStudent
3375 25-MiscTeacher
3378        17-2051
3379        11-9141
3382        11-1021
3383        25-4021
3608        13-2011
3611        23-1011
3692        25-Prof
3931 56-MiscStudent
3934      25-4021CU
3935        25-2031
3936        55-1019
3938        23-1011
3939        43-3031
3940 56-MiscStudent
3942 56-MiscStudent
3945 56-MiscStudent
3946        13-2011
3947        23-1011
3948        25-Prof
3961 56-MiscStudent
3963 56-MiscStudent
3964 56-MiscStudent
4094        43-5032
4095        23-1011
4101  59-Consultant
4236 25-MiscTeacher
4238      27-2099CU
4241 56-MiscStudent
4242      27-Writer
4272 56-MiscStudent
4276  59-Consultant
4277 56-MiscStudent
4512      27-Writer
4525        25-1022
4567      27-Writer
4571        25-Prof
4573        23-1011
4574     58-Retired
4627 56-MiscStudent
4656        19-3011
4773     58-Retired
4776 56-MiscStudent
4801        23-1011
4804      27-Writer
4805        27-3043
4807 56-MiscStudent
4841 56-MiscStudent
4842 56-MiscStudent
4844 56-MiscStudent
5060  23-LawStudent
5191 25-MiscTeacher
5228 56-MiscStudent
5331        23-1011
5335        17-2081
5465        29-1067
5676        25-Prof
5679 56-MiscStudent
5690     57-ProjMgr
5692        13-2011
5738     56-GradStu
5741      27-Writer
5743        25-Prof
5745  59-Consultant
5788 25-MiscTeacher
5790        23-1011
5926     57-ProjMgr
6058      15-1131CU
6059        23-2011
6062        11-9032
6094        27-1022
6266        23-1011
6270 56-MiscStudent
6276        25-4021
6289        23-1011
6291        23-1011
6304        13-1111
6327 56-MiscStudent
6333 56-MiscStudent
6334 56-MiscStudent
6335 56-MiscStudent
6336 56-MiscStudent
6337 56-MiscStudent
6338 56-MiscStudent
6339        23-1011
6341        23-1011
6342     57-ProjMgr
6364 56-MiscStudent
6377 56-MiscStudent
6379 56-MiscStudent
6529 56-MiscStudent
6530     58-Retired
6531        25-Prof
6533        23-1011
6610 56-MiscStudent
6613 25-MiscTeacher
6614 56-MiscStudent
6615 56-MiscStudent
6638     58-Retired
6642 56-MiscStudent
6643 56-MiscStudent
6645        27-1024
6821        53-2011
6822        11-9141
6827        17-2051
6852  59-Consultant
6853        23-1011
6854        25-Prof
6978 56-MiscStudent
6981 56-MiscStudent
6982 56-MiscStudent
6983 56-MiscStudent
6984 56-MiscStudent
7122 56-MiscStudent
7123 56-MiscStudent
7124 56-MiscStudent
7125 56-MiscStudent
7126 56-MiscStudent
7151        27-3042
7155        27-3041
7169        25-3099
7226 25-MiscTeacher
7422        25-9041
7423  59-Consultant
7426        13-1111
7428        25-Prof
7442        17-2071
7444        11-9141
7451 56-MiscStudent
7540      27-Writer
7543  59-Consultant
7625        23-1011
7627 56-MiscStudent
7629 56-MiscStudent
8060        23-1011
8062  59-Consultant
8063 56-MiscStudent
8064        11-1021
8065 56-MiscStudent
8066 56-MiscStudent
8067     58-Retired
8130  59-Consultant
8252        23-1011
8366        25-4011
8367    15-Computer
8368  23-LawStudent
8369     58-Retired
8378 25-MiscTeacher
8379        25-2012
8447  23-LawStudent
8450        23-1011
> View(players2013)
> View(players2013)
> main2013 <- table(players2013$main)
> barplot(main2013)
> barplot(main2013, main = "SOC main code frequencies for 2013 players", xlab = "SOC main code", ylab = "Frequency")
> cwinnings <- cleanplayers$winnings
> plot(cwinnings)
> hist(cwinnings)
> winnings2013 <- players2013$winnings
> players2012 = subset(cleanplayers, year == '2012')
> players2011 = subset(cleanplayers, year == '2011')
> players2010 = subset(cleanplayers, year == '2010')
> players2009 = subset(cleanplayers, year == '2009')
> winnings2012 <- players2012$winnings
> winnings201` <- players201`$winnings
Error: unexpected symbol in "winnings201` <- players201`"
> winnings2011 <- players201`$winnings
+ winnings2011 <- players2011$winnings
+ winnings2010 <- players2010$winnings
+ winnings2009 <- players2009$winnings
+ boxplot(cleanplayers ~ year)
+ boxplot(winnings ~ year, data = cleanplayers)
+ boxplot(cleanplayers$winnings ~ cleanplayers$year, data = cleanplayers)
+ boxplot(winnings)
+ boxplot(winnings)
+ winnings
+ cwinnings
+ 

> boxplot(winnings ~ year, data = cleanplayers)
> boxplot(winnings, players2013)
Error in sort.int(x, na.last = na.last, decreasing = decreasing, ...) : 
  'x' must be atomic
> boxplot(winnings, data = players2013)
> summary(players20134winnings)
Error in summary(players20134winnings) : 
  object 'players20134winnings' not found
> summary(players2013$winnings)
   Min. 1st Qu.  Median    Mean 3rd Qu.    Max. 
  -2200    2000    9550   20660   24950  218400 
> boxplot(players2013$winnings, data = players2013)
> boxplot(players2013$winnings ~ players2013$main, data = players2013)
> boxplot(players2013$winnings ~ players2013$main, data = players2013, cex.axis=0.35)
> boxplot(players2013$winnings ~ players2013$soc, data = players2013, cex.axis=0.35)
> boxplot(players2013$winnings ~ players2013$main, data = players2013, cex.axis=0.35)
> boxplot(players2013$winnings ~ players2013$numgames, data = players2013, cex.axis=0.35)